tax	50w_0	50w_1	50w_2	50w_3	90w_0	90w_1	90w_2	90w_3	120w_0	120w_1	120w_2	120w_3
67-14	0	0.004360371	0.002388899	0.006987588	0.001221592	0.009263673	0.00105004	0	0	0.005825183	0.001191989	0.00108621
Acetobacteraceae	0	0.007573856	0.009966802	0	0	0.007993253	0.010851358	0	0	0.010750629	0.017991614	0.002989457
Acidobacteriaceae_Subgroup_1	0.000142714	0.000749712	0	0	0	0	0.002565336	0.005611082	0.000269193	0	0.000352734	0.00070502
Acidothermaceae	0.002365053	0.00188476	0.003153819	0.004993686	0	0.0023245	0	0.002639968	0.000269193	0	0.000808916	0.001833051
Actinospicaceae	0.004894071	0.001641302	0.00838694	0.006480411	0.001832108	0.00116225	0.003592997	0.007474437	0.012945221	0.002389457	0.011165066	0.010509485
Aeromonadaceae	0.000488998	0.000462229	0	0	0.000468311	0.001235788	0.002073612	0	0	0	0	0
AKYH767	0	0	0.000271665	0.002151687	0.000104053	0	0.001990241	0.00014329	0	0	0.001504774	0.001486698
Alcaligenaceae	0.005298358	0.001384083	0	0	0.002280341	0.000906245	7.24E-05	0	0.000351887	0	0	0
Alicyclobacillaceae	0.001162964	0.001848908	0.01541854	0.005520428	0.000624317	0	0.014758906	0.009311285	0.005659513	0	0.014887655	0.003998541
Azospirillaceae	0.002021406	0	0.003970441	0	0	0	0	0	0.000735796	0.001433306	0	0
Babeliaceae	0.000190286	0	0	0.000116932	0.000115676	0	0	0	0.000263724	0	0	0.001265901
Bacillaceae	0.007273434	0.011132084	0.067111293	0.044583613	0.005938736	0.01626133	0.043218457	0.035655684	0.007131364	0.013193698	0.078338283	0.050114505
Bacteriovoracaceae	0	0.004841154	0.001763224	0.000731351	0	0.002358491	0.001119069	0	0	0.004573818	0.001816106	0.001976041
Bdellovibrionaceae	0	0	0.002507745	0	0	0.003912414	0	0.00051175	0	0	0.001078555	0.000432259
Beijerinckiaceae	0.014757655	0.008957688	0.016284965	0.018683394	0.017195036	0.008266946	0.018211897	0.039984782	0.016368333	0.018691742	0.023376508	0.02581812
Beutenbergiaceae	0	0	0	0.002977053	0	0	0.003288535	0	0	0	0.004134873	0.001389403
Blastocatellaceae	0.000834725	0	0	0.000695135	0	0.00295858	0	0	0	0.001223824	0.002289348	0.00098802
Brevibacteriaceae	0.020221802	0.004111602	0.000688705	0.002947481	0.014417217	0	0.002281121	0.008667065	0.010918446	0.003799503	0	0.001430861
Bryobacteraceae	0	0	0.000780533	0.000802599	0.000208138	0.000568958	0.00204948	0	0	0	0.008718856	0.000761421
Burkholderiaceae	0.007102867	0.017887852	0.00209205	0.003780828	0.066668837	0.020200421	0.008069352	0.012392459	0.007210594	0.014081422	0.001139224	0.011852575
Caulobacteraceae	0.00594928	0.004368023	0.013812152	0.010476625	0.005359559	0.009896281	0.009412125	0	0.003104698	0.00989503	0.006400421	0.006316471
Cellulomonadaceae	0.000546228	0.012522564	0.00138539	0.0025313	0	0.001251707	0.002106313	0.001267427	0.001000287	0.01083324	0	0.003750475
Chitinophagaceae	0.0067976	0.015583115	0.010184395	0.010973255	0.004160938	0.019672639	0.014526373	0.014398139	0.007090807	0.018382905	0.009775977	0.006126385
Chthoniobacteraceae	0.000622326	0.004597456	0	0	0	0.012363438	0	0.001793186	0	0.006538475	0.0041045	0.001049772
Clade_III	0	0.006746795	0.001407304	0	0	0	0.002751829	0	0.006982897	0.000179163	0	0.001956182
Clostridiaceae	0.002593417	0.005756519	0.00209205	0.001637442	0.000309405	0	0.016717137	0.001085945	0.000991683	0.011676338	0.001078555	0.010345016
Comamonadaceae	0.010650795	0.044545909	0.009500656	0.012034622	0.008297186	0.049971987	0.03093662	0.021970918	0	0.027738963	0.015060657	0.025600233
Corynebacteriaceae	0.00159471	0.027409664	0.013667057	0.012596006	0	0.031247718	0.021432259	0.012929675	0.008994709	0.018462536	0.027224759	0.006617501
Crocinitomicaceae	0	0.020289625	0.007171356	0.001286174	0.001124438	0.006387668	0.021390097	0.008900662	0.001587302	0.019949904	0.007999286	0.00626415
Cyanobiaceae	0	0.025991334	0.025144348	0.014343821	0	0.019571247	0.019064476	0.011410902	0.007936508	0.048316414	0.024465986	0.028004746
Cyclobacteriaceae	0.001532618	0.003870153	0.005659604	0.001286174	0.00057238	0.009435011	0.009355563	0.002041966	0.00110742	0.002538301	0.009130038	0.003313139
Deinococcaceae	0.002364024	0.006626992	0.00262506	0.00999946	0.000104069	0	0.005252665	0.007691778	0.000376871	0.001223824	0.007514754	0.000817823
Dermabacteraceae	0.009752702	0.003354651	0.003538129	0.008218126	0.012457293	0	0	0.008418012	0.018996896	0	0.002337289	0.005976662
Dermacoccaceae	0.015293073	0.003639611	0.003351699	0.006226545	0.042971725	0	0.003210067	0.007371986	0.042270043	0	0	0.003141744
Desulfitobacteriaceae	0.000261643	0	0.00507458	0.000844854	0	0	0	0	0	0	0.00137237	0.001929346
Devosiaceae	0.001609542	0.002302677	0.003715667	0.003347174	0.001480182	0.004060323	0.008269961	0.000413693	0.011112888	0	0.001048595	0.009499132
Enterobacteriaceae	0.099238841	0.053414306	0.040434925	0.022400639	0.177928788	0.086972403	0.033525503	0.087048625	0.234079926	0.080085844	0.034269726	0.046781538
Enterococcaceae	0.00108907	0	0.002222803	0.001137656	0	0	0.002387347	0.001197015	0	0	0	0
Erwiniaceae	0.041317092	0.005715097	0	0.015392701	0.036221365	0	0.005587396	0.008214824	0.027123456	0.000761444	0.005312349	0.010808647
f_unclassified_c__KD4-96	0.000523286	0	0	0.000545681	5.20E-05	0.007530714	0.002651775	0	0	0.002472799	0.004473877	0
f_unclassified_c__Limnochordia	0.000214072	0.002207862	0	0	0	0.000303444	0.00188283	0	8.97E-05	0	0.003476546	0.000606796
f_unclassified_c__Verrucomicrobiae	0.002994944	0.024242896	0.013945779	0.018162562	0	0.006121138	0.008795583	0.008965445	0.003703704	0.023646093	0.00763219	0.00769065
f_unclassified_o__0319-6G20	0.00017559	0.000524109	0.002239068	0.000696677	0	0.002351692	0.001171132	0.00069735	8.30E-05	0	0.003334224	0.001956182
f_unclassified_o__11-24	8.34E-05	0.000492732	0	0	0	0.001668942	0	0	0	0	0.000269639	0.001189994
f_unclassified_o__Bradymonadales	0.000447858	0	0	0.001835592	0.000253165	0.000411929	0.000522232	0	0	0.001478097	0	0.001510377
f_unclassified_o__C0119	0.000973845	0.001909337	0	0	0.000278396	0	0.001851604	0	0	0.00148368	0	0
f_unclassified_o__Candidatus_Nomurabacteria	0.000195599	0	0.001595298	0.000233863	0.00059834	0	0.001875649	0.00055269	0	0	0	0.00177665
f_unclassified_o__Chitinophagales	0.000190286	0.001584786	0	0	0	0.002727582	0.001492092	0.002298069	0.000238609	0	0.000748996	0
f_unclassified_o__Clostridia_vadinBB60_group	7.14E-05	0	0	0	0	0	0.004269544	0.009863508	0	0	0.002231216	0.001486698
f_unclassified_o__Frankiales	0	0	0.001007557	0.007465872	0	0	0.002632255	0	0.000394817	0	0	0.002002256
f_unclassified_o__Gaiellales	0	0.001146789	0.002253075	0.000725929	0	0.002579275	0.000543124	0.00694974	0	0.001042517	0.001168434	0.001764926
f_unclassified_o__Gammaproteobacteria_Incertae_Sedis	0	0.001219092	0.000910747	0.000116932	0	0.002124109	0.002063871	0	0	0.000582281	0.001504774	0.000451213
f_unclassified_o__IMCC26256	0	0.00183091	0	0.00200724	0.001624188	0.004627522	0.00435492	0	0.000275139	0	0.001524855	0
f_unclassified_o__Kapabacteriales	0.000855698	0.012533923	0.011090431	0.005237948	0	0.00511952	0.012530599	0.00459292	0	0.01854379	0.007186032	0.00706028
f_unclassified_o__Oligoflexales	0	0.001478197	0.003338151	0.002688172	0	0.001422905	0	0	0	0.004325609	0	0.000902425
f_unclassified_o__Peptostreptococcales-Tissierellales	0	0	0	0.001152074	0.000874563	0	0.001219825	0	0	0	0.005086107	0.002112676
f_unclassified_o__Rhodospirillales	0	0.002803933	0.007606629	0	0	0	0.001976285	0	0.000287908	0	0	0
f_unclassified_o__Saccharimonadales	0.000733496	0.001847746	0.00054576	0.003461621	0.001653564	0.004210287	0.001810413	0.003396202	0.002488706	0.004286185	0.00555128	0.001257947
f_unclassified_o__Vicinamibacterales	0	0.000369549	0	7.80E-05	0	0.002503414	0	0	0	0.002008666	0.000457457	0
Flavobacteriaceae	0.02492561	0.02557377	0.006362775	0.015440698	0.024067637	0.011037673	0.016696583	0.005870522	0.002489349	0.016310955	0.002491634	0.014559999
Frankiaceae	0.000750375	0	0.005574769	0	0.000323894	0	0	0	0.000415867	0.001315213	0	0.002879971
Gaiellaceae	0	0.002751572	0	0.002138189	0	0.004127778	0	0.001889307	0	0	0.001378153	0
Gemmataceae	0.00175185	0.002358491	0	0.002124259	0	0.017334244	0	0	0.000125624	0	0.000406628	0
Gemmatimonadaceae	0.001530328	0.003746526	0.005458649	0.002057372	0	0.009684991	0.004243801	0.003750132	0.000127959	0.005936838	0.003693008	0.002476399
Geodermatophilaceae	0.001283547	0.000915455	0.00553735	0.015326902	0.001203035	0.007364664	0.00856037	0.004228428	0.000215355	0.001813386	0.013606577	0.003397202
Hungateiclostridiaceae	0.000261643	0	0.010384275	0.004033982	0.000338192	0.002048248	0.002342263	0.00045034	0.000161516	0.002252995	0.001423198	0.000586637
Hymenobacteraceae	0.000570858	0.001780943	0.002253075	0.000896476	0.001196795	0.0013947	0.00419033	0.013651877	0	0.000730674	0.000864085	0
Hyphomicrobiaceae	0.000291813	0.003409652	0	0.000496683	0.001087359	0.004172356	0.000506916	0	0.000735765	0.00161247	0	0.004983774
Ilumatobacteraceae	0	0.005190357	0	0.001500536	0	0.003253849	0.006393993	0.003379806	0	0.022440622	0.00656078	0.015818473
Intrasporangiaceae	0.001873115	0.004146473	0.00310559	0.0076725	0.001725291	0.004649	0.013077194	0	0.002937492	0.004851603	0.005635349	0.010826369
Isosphaeraceae	0.000541938	0	0.00619615	0.014616464	0	0	0	0	0.001750899	0.005286322	0.002439768	0.0092702
JG30-KF-CM45	0.001757727	0.002113048	0.011141046	0.011924792	0.001415626	0	0.003408374	0.005218844	0.001508616	0.00214996	0.006194874	0.003661004
Kineosporiaceae	0.002644885	0.001146789	0.001239669	0.01982399	0.000832553	0.005699686	0.00145479	0.002896239	0	0.003871842	0.010802379	0.01055302
Ktedonobacteraceae	0.018331137	0.018972144	0.080825823	0.033696447	0.006773524	0.012795261	0.017590443	0.023649833	0.011425167	0.022905944	0.014660807	0.025719938
Lachnospiraceae	0.00180857	0.01871223	0.005735316	0.002534562	0	0.010316613	0.005358824	0.006087309	0	0.008268064	0.008090615	0.007472645
Lactobacillaceae	0.002722676	0.001453958	0.002716653	0.010223027	0	0.005108557	0	0.003008971	0	0.003567447	0.007556142	0.011938794
LiUU-11-161	0	0.000792393	0	0.00015361	0	0.008893632	0.002439651	0.000352063	0	0.002417848	0	0
LWQ8	0.000244499	0	0	0	0.000277624	0	0	0	0.000357914	0	0	0.001266503
Methylophilaceae	0.051960266	0.027290797	0.019424353	0.011144202	0.019026587	0.019563997	0.023560541	0.019509418	0.063419558	0.029083849	0.003452549	0.009506194
Microbacteriaceae	0.129017555	0.038021022	0.049824577	0.055379664	0.162825294	0.026029263	0.031298852	0.116341019	0.086570015	0.022921437	0.044449507	0.042894079
Micrococcaceae	0.05075838	0.029373718	0.02755551	0.035189281	0.04324993	0.030271995	0.032679283	0.016651205	0.02410984	0.010451106	0.071913881	0.046916498
Microcystaceae	0	0.044879254	0.04323528	0.041718304	0.003304194	0.054893026	0.028360552	0.035293349	0.021010213	0.08893481	0.031351806	0.047966583
Micromonosporaceae	0.003213026	0	0.01560555	0.003765794	0.001847036	0.00147929	0.00102474	0.001085945	0.000304288	0.001791633	0.008773362	0.005994624
Microscillaceae	0	0.025151468	0.017813812	0.012329083	0	0.020786364	0.001244327	0.002600322	0	0.030803012	0.007101896	0.011491066
Microtrichaceae	0	0	0	0.001141038	0	0.000568958	0	0	0.000107677	0.001881215	0	0.000849515
Moraxellaceae	0.00207009	0.005348653	0.003443166	0.008856689	0.00359781	0.015388885	0.020170806	0.001743375	0.002774702	0.019332053	0.010935856	0.004963749
Mycobacteriaceae	0.005035852	0.005253821	0.012618962	0.007650256	0.00665047	0	0.009516247	0.008698263	0.004391264	0.005685619	0.009725534	0.011976694
Myxococcaceae	0	0.001293422	0	0.001991109	0	0	0	0.002673893	0	0	0.001887471	0.002813673
Nakamurellaceae	0.001677422	0.011738847	0.007446974	0.01049323	0.003593663	0.015913365	0.019724066	0.016522974	0.003289057	0.009665127	0.014746698	0.002973396
Nitrosomonadaceae	9.78E-05	0	0.004489419	0.000413691	0	0.003982704	0	0	3.59E-05	0.004713988	0.000689077	0.000432259
Nitrososphaeraceae	0.001555815	0.001970929	0	0.00049613	0.000556793	0	0	0.000492888	0	0.000940607	0	0
Nocardiaceae	0.002647811	0.010448479	0.015910372	0.007628978	0.00949473	0.00070028	0.011206252	0.003013355	0.013418778	0.012501124	0.017571753	0.015934447
Nocardioidaceae	0.01112332	0.026461418	0.01519273	0.028046543	0.007712316	0.002428558	0.027427161	0.015130917	0.013350818	0.03193958	0.028707145	0.014606934
Nostocaceae	0	0.001656473	0.003320557	0.007300413	0.000260132	0.004768638	0.003547828	0.00274397	0.000191939	0.001315213	0.001566099	0.005050884
NS11-12_marine_group	0	0.010625523	0.017682764	0.005489336	0	0.00070028	0	0.000985707	0.00092285	0.023755857	0.010508211	0.009981182
NS9_marine_group	0.000350058	0.004726198	0.001652893	0	0	0.000910332	0.001715906	0.00698433	0.000276855	0.007470506	0.001556663	0.006077312
Obscuribacteraceae	0	0	0.002750932	0.001996928	0	0	0.002109705	0.004295985	0	0.003333333	0.003818899	0.000308756
Opitutaceae	0	0.006281654	0	0.003710998	0.00041624	0.002822345	0.003361805	0	0	0.003606849	0	0.000370508
Oxalobacteraceae	0.027252058	0.009719839	0.020666004	0.025152917	0.058722951	0.003365246	0.010625211	0.013652228	0.00747204	0.004968581	0.012871793	0.006785994
Paenibacillaceae	0.005089406	0.007091308	0.008954326	0.018852246	0.002696506	0.003117221	0.022624736	0.005614606	0.008711567	0.00868461	0.028018803	0.009855844
Parachlamydiaceae	0.000250125	0.00261213	0.00193115	0.002650402	0	0	0.001512984	0.00022517	0	0	0	0
Pedosphaeraceae	0.001009364	0.003153598	0.002072823	0.001725415	0	0.002457662	0.004984828	0.001267427	0.000165975	0.003000985	0.003850896	0.005886182
Peptostreptococcaceae	0.00050564	0.003375647	0.004088786	0.010080938	0.000130066	0.00255695	0.002980826	0.009977267	0	0	0.006992949	0.003051643
Phycisphaeraceae	0	0	0	0.001178992	0	0.004647995	0.001715906	0.001942618	0	0.00268745	0.005637372	0.004460094
Pirellulaceae	0.000388954	0.00203252	0.00660905	0.014429735	0	0.018353139	0.007412428	0.001595996	0.00033195	0.005688366	0.001587872	0.004016384
Planococcaceae	0.000130399	0.001056524	0.000642792	1.95E-05	0.000189873	0.001867138	0.002623103	0	0	0	0.00209719	0.007674376
Propionibacteriaceae	0.001450047	0.000403691	0.000852515	0	0.001087359	0.005605322	0	0.005260389	0.00018457	0	0.001914651	0.000648388
Pseudomonadaceae	0.133571971	0.049686878	0.011664202	0.101722109	0.073492826	0.041727797	0.036083927	0.089329488	0.119396682	0.020753575	0.004868621	0.010186307
Pseudonocardiaceae	0.007450668	0.035104867	0.007598676	0.003872719	0.004479234	0.005336179	0.012067856	0.004484257	0.005175633	0.00794805	0.015687258	0.008441878
Rhizobiaceae	0.04274758	0.010966582	0.010615058	0.006726438	0.021863468	0.028956386	0.01041945	0.009876048	0.022638264	0.00869137	0.008710918	0.006258738
Rhizobiales_Incertae_Sedis	0	0.002796313	0.001002441	0.000175398	0	0.002456761	0	0.00016376	0.00055371	0	0.001198394	0.006419352
Rhodanobacteraceae	0.00439896	0.008735287	0.009897116	0.0065382	0.011432282	0.010454334	0.010657772	0.001418627	0.008748124	0.008353104	0.00361371	0.003105406
Rhodobacteraceae	0.001112966	0.00446809	0.003319766	0.005013312	0.000754501	0.005505063	0.004501902	0.005574685	0	0.002618392	0.013637967	0.002468369
Rhodocyclaceae	0	0.000431141	0	0	0.001456967	0.000379305	0.003942713	0.006750833	0	0.002911404	0.002356009	0.003837465
Roseiflexaceae	0.000427849	0.001787774	0	0.000116932	0	0	0	0.002042239	0	0.003653368	0	0.004983774
Rubritaleaceae	0.000356786	0.004036909	0.002374863	0.00049613	7.81E-05	0.002653302	0	0.001494322	0.00018457	0.001903726	0	0.001095462
Ruminococcaceae	0	0.00379979	0	0.000231527	0	0	0.000687957	0	0	0	0.005184507	0.003565947
Saccharimonadaceae	0.001344353	0.004542351	0.002221146	0.002806211	0	0	0.002063871	0.002490536	0.000682725	0	0.000914913	0.004819711
Saprospiraceae	0	0.000923873	0.002095337	0.001286174	0	0.009224164	0.002981007	0.000985777	0	0.006388674	0.008936779	0.002351216
Solimonadaceae	0.00016675	0.001254622	0.000587741	0	0	0.000329544	0	0.000844951	0	0	0.002469136	0
Solirubrobacteraceae	0.000480156	0.002302905	0.001553317	0.001286174	0.000991293	0.003565468	0.000805153	0.000711045	0.001721058	0.000582281	0.004729747	0.001584305
Sphingobacteriaceae	0.004303178	0.004642737	0.002409948	0.009430934	0.011613827	0.007662835	0.01230335	0.001396215	0.008019574	0	0.008626793	0.00787824
Sphingomonadaceae	0.054491665	0.022297295	0.031640075	0.048272916	0.040574451	0.035719935	0.033168904	0.041620401	0.034620343	0.026624855	0.024476541	0.022746345
Spirosomaceae	0.009179003	0.003440829	0.011889588	0.002333709	0.007184841	0.008247188	0.003602876	0.005935108	0.003105166	0.006590709	0.004702859	0.011221799
Sporichthyaceae	0	0.013562284	0.022265574	0.015457845	0	0.014710752	0.025316106	0.011875441	0	0.025699111	0.030912758	0.017159558
Sporolactobacillaceae	0.000416875	0.001723209	0	0.004935781	0	0	0	0.00030705	0.003959622	0.0025	0.013642089	0.002290606
Staphylococcaceae	0.002958879	0.006474092	0.017864476	0.005903309	0.004724014	0	0.006942931	0.011566655	0.002295392	0.000668896	0.003975823	0.005141864
Streptococcaceae	0.016019991	0.007539754	0.006857169	0.008962264	0	0.011549916	0.015059531	0.002573655	0.00166113	0	0.001764218	0.003364632
Streptomycetaceae	0.022534308	0.01840683	0.0353621	0.015876426	0.014576503	0.011174655	0.01764895	0.007693997	0.03998203	0.003434166	0.013124464	0.015082606
Streptosporangiaceae	0.000208438	0.005935937	0.003716061	0.002906599	0.000115676	0	0.003607504	0	0.000251247	0	0.001423198	0.002695887
Terrimicrobiaceae	0	0.001231831	0.004052154	0	0	0.006057501	0	0.003636183	0	0.013659002	0.005703105	0.005438852
Thermoactinomycetaceae	0	0.000739098	0.001583242	0.000363829	0.000104053	0	0.001419269	0	0	0	0.000762428	0.000679264
Thermomonosporaceae	0.001333251	0	0.00939808	0.002272068	0.000410568	0.002655136	0.011522954	0.011225498	0.000933903	0	0.008016785	0.002764753
Verrucomicrobiaceae	0.000350058	0.003037507	0	0.001869007	0.000260132	0.005945661	0	0.00073928	0.000276625	0.002821822	0.002827199	0.002660407
WD2101_soil_group	0	0	0	0.000253352	0.000123732	0.001555151	0.00370267	0	0	0.002284332	0.001499118	0
Weeksellaceae	0.012041926	0.001786154	0.00176201	0.00092611	0.004186166	0.008493277	0.020249885	0.002763449	0.005678323	0.001842856	0.000988675	0.005933851
Xanthobacteraceae	0.001828277	0.010294813	0.011486851	0.003229835	0.000863992	0.00882129	0.002369843	0.00100303	0.006268762	0.006063954	0.011561231	0.006612629
Xanthomonadaceae	0.025150486	0.007031005	0.002440725	0.002649524	0.010389738	0.037528114	0.019558954	0.009153001	0.010761388	0.008364425	0.003889268	0.000768608
Yersiniaceae	0.024824965	0.02022656	0.003720557	0	0.018324263	0.006284333	0.008860759	0.037745707	0.0073531	0.002338156	0.001728169	0.090838383