p	MG_A0	MG_A1	MG_A2	MG_A3	MG_B0	MG_B1	MG_B2	MG_B3	MG_C0	MG_C1	MG_C2	MG_C3	MG_Ct_0A	MG_Ct_0B	MG_Ct_0C	MG_Ct_qPCR_neg	MG_Ct_qPCR_pos_zymo	MG_E0	MG_E1	MG_E2	MG_E3	MG_F0	MG_F1	MG_F2	MG_F3	MG_G0	MG_G1	MG_G2	MG_G3	MG_I0	MG_I1	MG_I2	MG_I3	MG_J0	MG_J1	MG_J2	MG_J3	MG_K0	MG_K1	MG_K2	MG_K3	MG_L0	MG_L1	MG_L2	MG_L3	MG_M0	MG_M1	MG_M2	MG_M3	MG_N0	MG_N1	MG_N2	MG_N3	MG_O0	MG_O1	MG_O2	MG_O3	MG_P0	MG_P1	MG_P2	MG_P3	MG_Q0	MG_Q1	MG_Q2	MG_Q3	MG_R0	MG_R1	MG_R2	MG_R3	MG_S0	MG_S1	MG_S2	MG_S3	MG_T0	MG_T1	MG_T2	MG_T3
Abditibacteriota	0	0	0	0	0	0	0	0	0	0	0	0	0	0	0	0	0	0	0	0	0	0	0	0	0	0	0	0	0	0	11	31	0	0	0	0	0	0	0	0	0	0	0	0	0	4	0	0	0	0	0	0	0	0	0	53	5	0	0	0	0	0	0	0	0	0	0	0	0	0	0	0	0	0	0	0	0
Acidobacteriota	0	0	0	39	0	0	0	0	0	64	0	32	0	0	0	0	5	27	50	0	131	0	669	41	0	0	13	0	48	10	0	0	0	0	0	0	30	0	0	101	8	0	0	34	0	8	5	37	4	6	22	0	0	2	12	17	52	0	0	76	64	0	14	92	0	0	0	0	0	0	0	0	13	6	8	0	17
Actinobacteriota	524	369	869	301	500	549	1101	2175	711	689	656	2422	235	411	916	95	96	3311	708	1243	2778	1025	1065	719	1659	1616	524	483	250	2170	675	1572	1403	4558	419	1402	453	1433	511	1576	441	1925	452	1215	225	1932	128	804	595	2395	359	352	1004	2069	1236	1707	4637	1170	378	710	545	508	519	784	1091	125	94	506	257	2557	240	287	799	353	792	210	868
Armatimonadota	0	0	33	0	0	0	0	0	0	0	0	0	0	0	0	0	0	0	0	0	0	0	0	0	56	0	32	0	0	0	0	17	0	0	0	0	0	0	0	0	0	6	0	0	0	0	0	0	0	0	0	0	0	0	26	0	9	0	0	0	0	0	0	5	9	0	0	0	0	0	0	0	0	0	0	0	0
Bacteroidota	2158	473	624	278	1309	576	867	276	84	947	647	479	274	71	835	99	66	706	663	152	424	82	604	385	157	238	193	366	127	251	504	574	244	191	374	571	397	158	847	545	256	171	522	394	365	735	111	1377	202	165	707	151	148	66	248	141	270	93	181	201	84	33	98	94	15	0	0	18	87	3	50	128	307	91	59	39	179
Bdellovibrionota	6	0	46	19	0	26	31	27	0	54	36	16	0	0	271	0	7	0	72	0	84	0	98	0	14	0	0	33	0	12	0	43	13	0	28	0	0	3	85	95	38	6	0	32	0	0	0	16	0	5	73	0	81	2	35	43	5	0	25	0	0	0	0	0	0	0	0	0	0	0	0	0	0	0	4	12	0
Chloroflexi	65	32	0	47	9	81	109	70	19	54	0	242	0	0	0	4	0	141	90	171	410	97	375	75	209	0	68	48	2	66	88	260	158	30	64	200	0	21	118	360	24	168	50	80	43	102	76	17	110	132	38	104	74	2	224	1010	1192	39	0	213	141	24	58	116	84	0	23	12	38	31	0	0	27	136	40	123	183
Crenarchaeota	0	0	0	0	0	0	0	0	0	0	0	0	0	0	0	0	0	0	21	0	0	0	0	0	0	0	0	0	0	40	0	0	0	0	0	0	0	0	0	0	0	0	0	0	0	0	0	0	7	0	32	0	0	0	0	0	0	0	0	0	0	0	0	0	0	0	0	0	0	18	0	0	0	0	0	0	15
Cyanobacteria	58	138	412	119	32	249	289	205	104	599	483	466	298	300	461	205	168	153	314	448	464	103	309	186	310	62	286	527	178	84	321	314	265	103	127	353	205	27	269	302	273	81	264	180	150	148	129	173	251	174	332	153	229	67	155	34	97	56	149	72	124	172	165	82	58	0	134	28	185	0	85	107	13	0	33	0	133
Deinococcota	0	31	0	0	0	0	0	13	0	27	30	0	0	0	0	0	0	21	0	0	29	0	24	0	64	0	43	0	0	10	0	33	59	0	0	0	39	0	0	36	0	0	0	96	0	4	0	17	0	7	0	0	0	0	39	37	322	0	0	50	0	0	0	0	0	0	0	0	0	0	23	0	20	13	0	0	17
Dependentiae	26	0	0	0	0	0	0	0	0	0	0	41	0	0	0	0	0	4	0	0	0	0	0	0	0	0	41	0	0	0	0	0	0	5	0	0	0	0	0	0	0	6	0	28	0	0	0	0	0	8	0	0	0	0	0	0	83	0	0	0	0	0	0	0	0	0	0	0	0	0	0	0	0	0	0	0	0
Desulfobacterota	6	0	0	12	12	10	14	0	0	0	0	6	0	0	57	0	0	0	33	0	10	0	0	0	0	0	0	0	4	9	0	0	0	0	0	0	0	0	0	0	0	0	0	0	9	0	0	0	0	0	0	0	0	0	0	18	0	0	0	0	0	0	0	0	0	0	0	0	0	0	0	0	0	0	0	0	7
Fibrobacterota	0	0	0	0	0	0	0	0	0	0	0	0	0	0	0	0	0	0	0	0	0	0	45	0	0	0	0	0	0	0	0	0	0	0	0	17	0	0	0	0	0	0	0	0	0	0	0	0	0	0	0	0	0	0	0	0	0	0	0	0	0	0	0	0	0	0	0	0	0	0	0	0	0	0	10	0	0
Firestonebacteria	0	0	0	0	0	0	0	0	0	0	0	0	0	0	0	0	0	0	0	0	0	0	0	0	0	0	0	0	0	0	0	0	0	0	0	0	0	0	0	0	0	0	0	0	0	0	0	0	0	0	0	0	0	0	0	0	0	0	0	0	0	0	0	17	0	0	0	0	0	0	0	0	0	0	0	0	0
Firmicutes	150	125	679	228	112	69	865	392	65	73	1048	877	154	373	472	24	8815	163	170	228	545	215	299	319	77	127	131	584	62	667	104	378	411	166	19	503	297	83	79	861	650	205	131	551	64	255	141	293	375	237	163	135	933	10	438	332	238	80	92	632	494	133	102	367	125	4	53	316	289	26	88	104	195	98	202	309	196
Fusobacteriota	0	0	0	0	0	0	0	0	0	0	0	0	0	0	0	0	0	0	0	0	0	0	0	0	0	0	0	30	0	0	0	0	30	0	0	0	0	0	0	0	0	0	0	0	0	0	0	0	0	0	0	0	0	0	0	0	0	0	0	0	0	0	0	0	0	0	0	0	0	0	0	0	0	0	0	0	0
Gemmatimonadota	0	12	70	0	0	0	0	8	0	24	0	0	0	0	0	0	0	0	0	59	29	0	163	49	72	0	0	32	0	0	66	0	22	0	0	0	0	0	55	53	0	4	25	0	0	0	0	15	0	0	19	0	0	0	0	10	0	0	0	0	0	0	0	29	41	0	0	0	0	0	44	0	0	11	0	0	46
Halobacterota	0	0	0	0	0	0	0	0	0	0	0	0	0	0	0	0	0	0	0	0	0	0	0	0	0	0	0	0	0	0	0	0	0	0	0	0	0	0	0	0	0	0	0	0	0	0	0	0	0	0	0	0	0	0	0	0	0	0	0	0	0	0	0	0	0	0	0	0	0	0	0	0	0	0	0	0	10
MBNT15	0	0	0	0	0	0	0	0	0	0	0	0	0	0	0	0	0	0	0	0	0	0	13	0	0	0	0	0	0	0	0	0	0	0	0	0	0	0	0	0	0	0	0	0	0	0	0	0	0	0	0	0	0	0	0	0	0	0	0	0	0	0	0	0	0	0	0	0	0	0	0	0	0	0	0	0	0
Myxococcota	3	0	0	26	0	23	0	0	0	101	0	0	0	0	43	0	0	0	0	0	0	0	142	0	0	0	0	0	0	23	0	36	36	0	15	0	8	0	0	229	22	0	0	36	0	0	0	16	0	0	46	0	0	0	0	0	13	10	0	0	0	0	0	0	102	0	0	0	0	0	0	0	39	0	0	0	13
Nanoarchaeota	0	0	0	0	0	0	0	0	0	0	0	0	0	0	0	0	0	0	0	0	0	0	28	0	0	0	0	0	78	0	0	0	0	0	0	0	0	0	0	0	0	0	0	0	0	0	0	0	0	13	0	0	0	0	0	0	0	0	0	0	0	0	0	0	0	0	0	0	0	0	0	0	0	0	0	0	0
NB1-j	0	0	0	0	0	0	0	0	0	0	0	0	0	0	0	0	0	0	0	0	0	0	15	0	0	0	0	0	0	0	0	0	0	0	0	0	0	0	0	0	0	0	0	0	0	0	0	0	0	0	0	0	0	0	0	0	0	0	0	0	0	0	0	0	0	0	0	0	0	0	0	0	0	0	0	0	0
Nitrospirota	0	0	0	0	0	0	0	0	0	0	0	0	0	0	0	0	0	0	0	0	0	0	0	0	0	0	0	0	0	0	0	0	0	0	0	0	0	0	0	0	0	0	0	0	0	0	0	0	0	0	0	0	0	0	0	0	8	0	0	0	0	0	0	0	0	0	0	0	0	0	0	0	0	0	0	0	0
Patescibacteria	179	52	32	0	0	0	13	162	13	35	0	0	0	0	0	0	0	30	0	0	340	37	121	0	50	0	0	0	0	9	0	136	70	25	0	173	0	6	78	0	0	71	0	37	36	38	0	32	56	0	48	0	0	14	0	18	202	0	0	0	0	0	0	52	31	0	0	0	30	0	0	0	0	0	0	0	26
Planctomycetota	5	0	0	49	0	47	212	28	12	0	0	193	0	0	147	0	16	7	166	78	138	0	1033	0	39	0	0	26	51	11	0	134	41	16	32	137	4	40	103	103	57	48	41	80	0	10	12	1	19	0	33	37	0	37	0	48	1021	0	0	0	0	0	0	17	95	0	0	0	0	14	0	0	0	6	18	0	36
Proteobacteria	7488	1262	1369	952	6155	2696	1685	5500	907	1131	650	925	586	362	886	29	1601	5208	1483	916	1244	5193	1968	922	801	9237	1470	614	465	1276	893	1437	633	2419	640	1876	761	4525	862	1839	518	2830	762	898	565	3473	218	1089	926	4463	957	365	275	1942	986	654	1227	1426	824	421	558	369	600	407	2739	5679	107	131	432	2815	405	245	1889	511	269	257	3711
SAR324_cladeMarine_group_B	0	0	0	0	0	0	26	8	0	0	0	0	64	0	0	0	0	0	44	0	0	0	5	0	0	0	0	0	0	23	0	0	0	0	0	0	0	0	0	0	0	0	18	0	0	0	0	0	0	0	0	0	0	0	0	0	0	0	0	0	0	0	0	0	0	0	0	0	0	0	0	0	0	0	0	0	0
Spirochaetota	0	0	0	0	0	0	0	0	0	0	0	0	0	0	0	0	0	10	0	0	0	0	0	0	0	0	0	0	0	0	0	37	0	0	28	0	0	0	0	0	0	0	0	0	0	0	0	6	0	0	0	0	0	0	0	0	0	0	0	0	0	0	0	0	0	0	0	0	0	0	0	0	0	0	0	0	0
Synergistota	0	0	0	0	0	0	0	0	0	0	0	0	0	0	0	0	0	0	0	0	0	0	0	0	0	0	0	0	0	0	0	0	0	0	0	0	0	0	0	0	0	0	0	0	0	0	0	12	0	0	0	0	0	0	0	0	0	0	0	0	0	0	0	0	0	0	0	0	0	0	0	0	0	0	0	0	0
Verrucomicrobiota	19	146	81	127	18	164	202	69	20	368	79	273	208	283	87	16	32	11	323	209	158	26	234	207	167	28	242	131	70	190	118	228	88	35	120	65	83	16	285	297	146	9	145	62	39	14	11	54	91	27	323	33	35	30	31	4	103	32	61	0	0	29	0	0	24	14	0	0	0	0	54	0	18	0	0	29	36
WPS-2	0	0	0	0	0	0	0	0	0	0	0	0	0	0	0	0	0	0	0	0	0	0	0	0	0	0	0	0	0	0	0	0	0	0	0	0	0	0	0	0	0	0	0	0	0	0	0	0	0	0	0	0	0	0	0	0	0	0	43	0	0	0	0	9	0	0	0	0	0	0	0	0	0	0	0	0	0
WS4	0	0	0	0	0	0	0	0	0	0	0	0	0	0	0	0	0	0	0	0	0	0	0	0	0	0	0	0	0	0	0	0	0	0	0	0	0	0	0	0	0	0	0	0	0	0	0	0	0	0	0	0	0	0	0	0	0	0	0	0	0	0	0	0	0	0	0	0	0	0	0	0	0	7	0	0	0
